1341848149.066823 0 0 0 0 0 0 1
1341848151.857770 -0.104639 0.00362233 -0.0667021 0.017499 0.00922416 0.0136824 0.999711
1341848152.157843 -0.162745 -0.00324345 -0.0870931 0.00265287 0.00445031 0.00730257 0.99996
1341848152.593897 -0.232336 -0.0211922 -0.0928449 0.00747976 0.0669997 0.0531909 0.996306
1341848153.258885 -0.341242 -0.0617296 -0.0330967 0.00469211 0.100091 0.0647486 0.992858
1341848153.794865 -0.412426 -0.0869979 0.0142524 -0.00131608 0.158275 0.128289 0.979025
1341848154.463148 -0.499017 -0.122396 0.0783382 -0.0206637 0.234215 0.160459 0.958629
1341848155.234855 -0.576654 -0.162678 0.159228 -0.00183467 0.271344 0.202986 0.940833
1341848155.638834 -0.632092 -0.169548 0.20357 0.00240364 0.272443 0.174549 0.946204
1341848155.870777 -0.680262 -0.171228 0.219132 0.0187871 0.261467 0.184772 0.947175
1341848156.306786 -0.746879 -0.188566 0.255617 0.0230324 0.264991 0.1779 0.947418
1341848156.942797 -0.796075 -0.232972 0.329308 0.0304256 0.300206 0.205806 0.930911
1341848157.582926 -0.859562 -0.268295 0.384908 0.0342077 0.334454 0.213434 0.917288
1341848158.218795 -0.979214 -0.266315 0.395207 0.0333118 0.380402 0.222534 0.89703
1341848158.554692 -1.03369 -0.254123 0.420631 0.042189 0.37514 0.226182 0.89796
1341848159.322862 -1.06014 -0.228855 0.538991 0.068324 0.41989 0.197143 0.883266
